%YAML:1.0
image_width: 752
image_height: 480
camera_name: left
camera_matrix: !!opencv-matrix
  rows: 3
  cols: 3
  dt: d
  data: [464.4902637634073, 0, 361.2628494031939, 0, 463.2998750498376, 216.7941070335786, 0, 0, 1]
distortion_model: plumb_bob
distortion_coefficients: !!opencv-matrix
  rows: 1
  cols: 5
  dt: d
  data: [-0.3000806752446603, 0.09014065626092906, -0.001133109686729425, 7.326941784740619e-05, 0]
rectification_matrix: !!opencv-matrix
  rows: 3
  cols: 3
  dt: d
  data: [1, 0, 0, 0, 1, 0, 0, 0, 1]
projection_matrix: !!opencv-matrix
  rows: 3
  cols: 4
  dt: d
  data: [362.6708679199219, 0, 354.923512039346, 0, 0, 420.0039672851562, 211.0036014754223, 0, 0, 0, 1, 0]


